Learning set:
[X]: F(0, 0, 0, 0) = 0
[X]: F(0, 0, 0, 1) = 0
[X]: F(0, 0, 1, 0) = 0
[X]: F(0, 0, 1, 1) = 0
[X]: F(0, 1, 0, 0) = 0
[X]: F(0, 1, 0, 1) = 0
[X]: F(0, 1, 1, 0) = 0
[X]: F(0, 1, 1, 1) = 1
[X]: F(1, 0, 0, 0) = 0
[X]: F(1, 0, 0, 1) = 0
[X]: F(1, 0, 1, 0) = 0
[X]: F(1, 0, 1, 1) = 1
[X]: F(1, 1, 0, 0) = 0
[X]: F(1, 1, 0, 1) = 0
[X]: F(1, 1, 1, 0) = 0
[X]: F(1, 1, 1, 1) = 1

--------------------
STEP
--------------------

Learning:
0; [0, 0, 0, 0, 0]; [1, 0, 0, 0, 0, 0, 0, 0, 1, 0, 0, 1, 0, 1, 0, 0]; 5
1; [-0.3, -0.3, 0.3, 0.6, 0.3]; [0, 1, 1, 0, 0, 0, 0, 0, 0, 0, 0, 1, 0, 1, 0, 0]; 5
2; [-0.6, -0.3, 0.6, 0.9, 0.3]; [0, 0, 1, 1, 0, 0, 0, 0, 0, 0, 0, 0, 1, 1, 0, 0]; 7
3; [-0.9, -0.3, 0.6, 1.2, 0.6]; [0, 0, 1, 1, 0, 0, 0, 1, 0, 0, 0, 0, 0, 1, 0, 0]; 5
4; [-1.2, 0, 0.6, 1.2, 0.6]; [0, 0, 1, 1, 0, 0, 0, 0, 0, 0, 0, 1, 0, 1, 0, 0]; 5
5; [-1.5, 0, 0.9, 1.2, 0.6]; [0, 0, 0, 1, 0, 0, 1, 0, 0, 0, 0, 0, 0, 1, 1, 0]; 7
6; [-1.8, 0, 0.6, 1.2, 0.9]; [0, 0, 0, 1, 0, 0, 0, 1, 0, 0, 0, 0, 0, 1, 0, 1]; 3
7; [-2.1, 0, 0.3, 1.2, 0.6]; [0, 0, 0, 0, 0, 0, 0, 1, 0, 0, 0, 0, 0, 0, 1, 1]; 2
8; [-2.1, 0, -0, 1.2, 0.9]; [0, 0, 0, 1, 0, 0, 0, 0, 0, 0, 0, 1, 0, 0, 0, 1]; 2
9; [-2.1, 0, 0.3, 1.2, 0.9]; [0, 0, 0, 1, 0, 0, 0, 0, 0, 0, 0, 1, 0, 0, 0, 1]; 2
10; [-2.1, 0, 0.6, 1.2, 0.9]; [0, 0, 0, 1, 0, 0, 0, 0, 0, 0, 0, 1, 0, 0, 1, 0]; 4
11; [-2.1, 0, 0.9, 1.2, 1.2]; [0, 0, 0, 1, 0, 0, 0, 1, 0, 0, 0, 0, 0, 1, 0, 1]; 3
12; [-2.4, 0, 0.6, 1.2, 0.9]; [0, 0, 0, 0, 0, 0, 0, 1, 0, 0, 0, 0, 0, 1, 0, 1]; 2
13; [-2.4, 0, 0.3, 1.5, 0.9]; [0, 0, 0, 1, 0, 0, 0, 0, 0, 0, 0, 1, 0, 0, 0, 1]; 2
14; [-2.4, 0, 0.6, 1.5, 0.9]; [0, 0, 0, 1, 0, 0, 0, 0, 0, 0, 0, 1, 0, 0, 1, 0]; 4
15; [-2.4, 0, 0.9, 1.5, 1.2]; [0, 0, 0, 1, 0, 0, 0, 1, 0, 0, 0, 0, 0, 1, 0, 1]; 3
16; [-2.7, 0, 0.6, 1.5, 0.9]; [0, 0, 0, 0, 0, 0, 0, 1, 0, 0, 0, 0, 0, 0, 1, 1]; 2
17; [-2.7, 0, 0.3, 1.5, 1.2]; [0, 0, 0, 1, 0, 0, 0, 0, 0, 0, 0, 1, 0, 0, 0, 1]; 2
18; [-2.7, 0, 0.6, 1.5, 1.2]; [0, 0, 0, 1, 0, 0, 0, 0, 0, 0, 0, 1, 0, 0, 0, 1]; 2
19; [-2.7, 0, 0.9, 1.5, 1.2]; [0, 0, 0, 1, 0, 0, 0, 1, 0, 0, 0, 0, 0, 0, 1, 1]; 3
20; [-3, 0, 0.6, 1.2, 1.2]; [0, 0, 0, 0, 0, 0, 0, 1, 0, 0, 0, 0, 0, 0, 0, 1]; 1
21; [-2.7, 0.3, 0.6, 1.5, 1.5]; [0, 0, 0, 1, 0, 0, 0, 1, 0, 0, 0, 0, 0, 1, 0, 1]; 3
22; [-3, 0.3, 0.3, 1.5, 1.2]; [0, 0, 0, 0, 0, 0, 0, 1, 0, 0, 0, 1, 0, 0, 0, 1]; 0
Age: 23, Weights: [-3, 0.3, 0.3, 1.5, 1.2]

Minimal learning set:
[ ]: F(0, 0, 0, 0) = 0
[X]: F(0, 0, 0, 1) = 0
[ ]: F(0, 0, 1, 0) = 0
[X]: F(0, 0, 1, 1) = 0
[ ]: F(0, 1, 0, 0) = 0
[ ]: F(0, 1, 0, 1) = 0
[ ]: F(0, 1, 1, 0) = 0
[X]: F(0, 1, 1, 1) = 1
[ ]: F(1, 0, 0, 0) = 0
[ ]: F(1, 0, 0, 1) = 0
[ ]: F(1, 0, 1, 0) = 0
[X]: F(1, 0, 1, 1) = 1
[ ]: F(1, 1, 0, 0) = 0
[ ]: F(1, 1, 0, 1) = 0
[X]: F(1, 1, 1, 0) = 0
[ ]: F(1, 1, 1, 1) = 1

Training on this set:
0; [0, 0, 0, 0, 0]; [1, 0, 0, 1, 1]; 3
1; [-0.3, -0.3, 0, 0, 0]; [0, 0, 0, 1, 1]; 2
2; [-0.3, -0.6, 0, 0, 0.3]; [1, 0, 0, 0, 1]; 4
3; [-0.3, -0.6, 0, 0.3, 0.6]; [1, 1, 0, 0, 1]; 5
4; [-0.6, -0.6, 0, 0.3, 0.6]; [1, 0, 0, 1, 0]; 2
5; [-0.6, -0.6, 0.3, 0.6, 0.6]; [1, 1, 0, 0, 1]; 5
6; [-0.9, -0.6, 0.3, 0.6, 0.6]; [0, 1, 0, 0, 1]; 4
7; [-0.9, -0.6, 0.3, 0.6, 0.9]; [1, 1, 0, 0, 1]; 5
8; [-1.2, -0.6, 0.3, 0.6, 0.9]; [0, 1, 0, 0, 1]; 4
9; [-1.2, -0.6, 0.3, 0.6, 1.2]; [1, 1, 0, 0, 1]; 5
10; [-1.5, -0.6, 0.3, 0.6, 1.2]; [0, 1, 0, 0, 1]; 4
11; [-1.5, -0.6, 0.3, 0.6, 1.5]; [1, 1, 0, 0, 0]; 4
12; [-1.5, -0.3, 0.6, 0.9, 1.5]; [1, 1, 1, 0, 0]; 3
13; [-1.8, 0, 0.6, 0.9, 1.2]; [0, 1, 1, 0, 1]; 3
14; [-2.1, 0, 0.3, 0.6, 1.2]; [0, 0, 1, 0, 0]; 1
15; [-1.8, 0.3, 0.3, 0.9, 1.5]; [0, 1, 1, 1, 0]; 1
16; [-2.1, 0.3, 0.3, 0.6, 1.2]; [0, 0, 1, 1, 0]; 0
Age: 17, Weights: [-2.1, 0.3, 0.3, 0.6, 1.2]

--------------------
EXPONENTIAL
--------------------

Learning:
0; [0, 0, 0, 0, 0]; [1, 0, 0, 0, 0, 0, 0, 0, 0, 1, 0, 0, 1, 0, 0, 1]; 5
1; [-0.075, -0.075, -0, 0.15, 0.075]; [0, 0, 1, 0, 0, 0, 0, 0, 0, 1, 0, 0, 0, 1, 0, 0]; 6
2; [-0.075, -0.075, 0.075, 0.3, 0.15]; [0, 1, 1, 1, 0, 0, 0, 0, 0, 0, 0, 1, 0, 0, 1, 0]; 6
3; [-0.225, -0.075, 0.15, 0.225, 0.15]; [0, 0, 1, 0, 0, 0, 0, 1, 0, 0, 0, 0, 0, 1, 0, 1]; 3
4; [-0.299, -0.075, 0.075, 0.225, 0.15]; [0, 0, 0, 1, 0, 0, 0, 0, 0, 0, 0, 1, 0, 0, 1, 0]; 4
5; [-0.3, -0.075, 0.15, 0.224, 0.224]; [0, 0, 0, 1, 0, 0, 0, 1, 0, 0, 0, 0, 0, 1, 0, 0]; 4
6; [-0.3, -0.001, 0.15, 0.299, 0.225]; [0, 0, 0, 1, 0, 0, 1, 0, 0, 0, 0, 1, 0, 1, 0, 0]; 5
7; [-0.374, -0.001, 0.149, 0.3, 0.225]; [0, 0, 0, 1, 0, 0, 0, 1, 0, 0, 0, 0, 0, 1, 0, 1]; 3
8; [-0.449, -0.001, 0.075, 0.3, 0.151]; [0, 0, 0, 1, 0, 0, 0, 0, 0, 0, 0, 1, 0, 0, 0, 1]; 2
9; [-0.449, -0.001, 0.149, 0.3, 0.15]; [0, 0, 0, 1, 0, 0, 0, 0, 0, 0, 0, 1, 0, 0, 1, 0]; 4
10; [-0.449, -0.001, 0.224, 0.3, 0.225]; [0, 0, 0, 1, 0, 0, 0, 1, 0, 0, 0, 0, 0, 1, 0, 1]; 3
11; [-0.524, -0.001, 0.149, 0.3, 0.15]; [0, 0, 0, 0, 0, 0, 0, 1, 0, 0, 0, 0, 0, 0, 1, 1]; 2
12; [-0.524, -0.001, 0.075, 0.3, 0.225]; [0, 0, 0, 1, 0, 0, 0, 0, 0, 0, 0, 0, 0, 1, 0, 1]; 4
13; [-0.524, -0.001, 0.074, 0.375, 0.225]; [0, 0, 0, 1, 0, 0, 0, 0, 0, 0, 0, 1, 0, 0, 0, 1]; 2
14; [-0.524, -0.001, 0.149, 0.375, 0.225]; [0, 0, 0, 1, 0, 0, 0, 0, 0, 0, 0, 1, 0, 0, 1, 0]; 4
15; [-0.524, -0.001, 0.224, 0.375, 0.3]; [0, 0, 0, 1, 0, 0, 0, 1, 0, 0, 0, 0, 0, 1, 0, 1]; 3
16; [-0.599, -0.001, 0.149, 0.375, 0.225]; [0, 0, 0, 1, 0, 0, 0, 0, 0, 0, 0, 1, 0, 0, 0, 1]; 2
17; [-0.599, -0.001, 0.224, 0.375, 0.225]; [0, 0, 0, 1, 0, 0, 0, 1, 0, 0, 0, 0, 0, 0, 1, 0]; 4
18; [-0.6, 0.074, 0.224, 0.374, 0.299]; [0, 0, 0, 1, 0, 0, 0, 1, 0, 0, 0, 0, 0, 1, 0, 1]; 3
19; [-0.674, 0.074, 0.149, 0.374, 0.224]; [0, 0, 0, 0, 0, 0, 0, 1, 0, 0, 0, 0, 0, 0, 1, 1]; 2
20; [-0.674, 0.074, 0.075, 0.374, 0.299]; [0, 0, 0, 0, 0, 0, 0, 1, 0, 0, 0, 1, 0, 0, 0, 1]; 0
Age: 21, Weights: [-0.674, 0.074, 0.075, 0.374, 0.299]

Minimal learning set:
[ ]: F(0, 0, 0, 0) = 0
[ ]: F(0, 0, 0, 1) = 0
[X]: F(0, 0, 1, 0) = 0
[ ]: F(0, 0, 1, 1) = 0
[ ]: F(0, 1, 0, 0) = 0
[ ]: F(0, 1, 0, 1) = 0
[ ]: F(0, 1, 1, 0) = 0
[X]: F(0, 1, 1, 1) = 1
[ ]: F(1, 0, 0, 0) = 0
[X]: F(1, 0, 0, 1) = 0
[ ]: F(1, 0, 1, 0) = 0
[X]: F(1, 0, 1, 1) = 1
[ ]: F(1, 1, 0, 0) = 0
[ ]: F(1, 1, 0, 1) = 0
[ ]: F(1, 1, 1, 0) = 0
[ ]: F(1, 1, 1, 1) = 1

Training on this set:
0; [0, 0, 0, 0, 0]; [1, 0, 1, 0]; 4
1; [-0.001, -0, 0.075, 0.074, 0.074]; [1, 1, 0, 0]; 2
2; [-0.001, 0.075, 0.075, 0.074, 0.149]; [1, 1, 1, 0]; 3
3; [-0.075, 0.075, 0.075, 0.074, 0.15]; [0, 1, 1, 0]; 2
4; [-0.075, 0.075, 0.075, 0.149, 0.15]; [1, 1, 1, 0]; 3
5; [-0.15, 0.075, 0.075, 0.149, 0.15]; [0, 1, 1, 1]; 1
6; [-0.225, 0.001, 0.075, 0.149, 0.075]; [0, 1, 0, 1]; 0
Age: 7, Weights: [-0.225, 0.001, 0.075, 0.149, 0.075]
