Learning set:
[X]: F(0, 0, 0, 0) = 0
[X]: F(0, 0, 0, 1) = 0
[X]: F(0, 0, 1, 0) = 0
[X]: F(0, 0, 1, 1) = 1
[X]: F(0, 1, 0, 0) = 0
[X]: F(0, 1, 0, 1) = 0
[X]: F(0, 1, 1, 0) = 0
[X]: F(0, 1, 1, 1) = 1
[X]: F(1, 0, 0, 0) = 0
[X]: F(1, 0, 0, 1) = 0
[X]: F(1, 0, 1, 0) = 0
[X]: F(1, 0, 1, 1) = 1
[X]: F(1, 1, 0, 0) = 0
[X]: F(1, 1, 0, 1) = 0
[X]: F(1, 1, 1, 0) = 0
[X]: F(1, 1, 1, 1) = 0

--------------------
STEP
--------------------

Learning:
0; [0, 0, 0, 0, 0]; [1, 0, 0, 0, 1, 0, 0, 1, 0, 1, 0, 0, 0, 0, 1, 0]; 6
1; [-0.6, -0.3, -0.6, 0.3, 0.3]; [0, 0, 0, 1, 0, 0, 0, 0, 0, 1, 0, 0, 0, 0, 1, 0]; 4
2; [-0.6, -0.6, -0.6, 0.6, 0.6]; [0, 1, 0, 1, 0, 0, 0, 0, 0, 0, 0, 1, 0, 0, 0, 1]; 3
3; [-0.9, -0.9, -0.6, 0.6, 0.3]; [0, 0, 0, 1, 0, 0, 0, 0, 0, 0, 0, 1, 0, 0, 0, 0]; 1
4; [-0.6, -0.9, -0.3, 0.9, 0.6]; [0, 1, 1, 0, 0, 0, 0, 1, 0, 0, 0, 0, 0, 0, 0, 1]; 5
5; [-0.9, -0.9, -0.6, 0.9, 0.6]; [0, 0, 1, 1, 0, 0, 0, 0, 0, 0, 0, 1, 0, 0, 0, 0]; 2
6; [-0.9, -0.9, -0.3, 0.9, 0.9]; [0, 1, 0, 1, 0, 0, 0, 1, 0, 0, 0, 0, 0, 0, 0, 1]; 3
7; [-1.2, -0.9, -0.6, 0.9, 0.6]; [0, 0, 0, 1, 0, 0, 0, 0, 0, 0, 0, 1, 0, 0, 0, 1]; 2
8; [-1.2, -1.2, -0.6, 0.9, 0.6]; [0, 0, 0, 1, 0, 0, 0, 0, 0, 0, 0, 1, 0, 0, 0, 0]; 1
9; [-0.9, -1.2, -0.3, 1.2, 0.9]; [0, 1, 1, 1, 0, 0, 0, 0, 0, 0, 0, 0, 0, 0, 0, 1]; 5
10; [-1.2, -1.2, -0.3, 1.2, 0.9]; [0, 0, 1, 1, 0, 0, 0, 1, 0, 0, 0, 0, 0, 0, 0, 1]; 3
11; [-1.5, -1.2, -0.6, 0.9, 0.9]; [0, 0, 0, 1, 0, 0, 0, 0, 0, 0, 0, 1, 0, 0, 0, 0]; 1
12; [-1.2, -1.2, -0.3, 1.2, 1.2]; [0, 1, 0, 1, 0, 0, 0, 1, 0, 0, 0, 0, 0, 0, 0, 1]; 3
13; [-1.5, -1.2, -0.6, 1.2, 0.9]; [0, 0, 0, 1, 0, 0, 0, 1, 0, 0, 0, 0, 0, 0, 0, 1]; 2
14; [-1.5, -1.2, -0.9, 1.2, 0.9]; [0, 0, 0, 1, 0, 0, 0, 0, 0, 0, 0, 1, 0, 0, 0, 0]; 1
15; [-1.2, -1.2, -0.6, 1.5, 1.2]; [0, 1, 1, 1, 0, 0, 0, 0, 0, 0, 0, 1, 0, 0, 0, 0]; 3
16; [-1.5, -1.2, -0.3, 1.5, 1.2]; [0, 0, 1, 1, 0, 0, 0, 1, 0, 0, 0, 0, 0, 0, 0, 1]; 3
17; [-1.8, -1.2, -0.6, 1.2, 1.2]; [0, 0, 0, 1, 0, 0, 0, 1, 0, 0, 0, 0, 0, 0, 0, 1]; 2
18; [-1.8, -1.2, -0.9, 1.2, 1.2]; [0, 0, 0, 1, 0, 0, 0, 0, 0, 0, 0, 1, 0, 0, 0, 0]; 1
19; [-1.5, -1.2, -0.6, 1.5, 1.5]; [0, 1, 0, 1, 0, 0, 0, 1, 0, 0, 0, 0, 0, 0, 0, 1]; 3
20; [-1.8, -1.2, -0.9, 1.5, 1.2]; [0, 0, 0, 1, 0, 0, 0, 1, 0, 0, 0, 0, 0, 0, 0, 1]; 2
21; [-1.8, -1.2, -1.2, 1.5, 1.2]; [0, 0, 0, 1, 0, 0, 0, 0, 0, 0, 0, 1, 0, 0, 0, 0]; 1
22; [-1.5, -1.2, -0.9, 1.8, 1.5]; [0, 1, 1, 1, 0, 0, 0, 0, 0, 0, 0, 1, 0, 0, 0, 0]; 3
23; [-1.8, -1.2, -0.6, 1.8, 1.5]; [0, 0, 1, 1, 0, 0, 0, 1, 0, 0, 0, 0, 0, 0, 0, 1]; 3
24; [-2.1, -1.2, -0.9, 1.5, 1.5]; [0, 0, 0, 1, 0, 0, 0, 1, 0, 0, 0, 0, 0, 0, 0, 1]; 2
25; [-2.1, -1.2, -1.2, 1.5, 1.5]; [0, 0, 0, 1, 0, 0, 0, 0, 0, 0, 0, 1, 0, 0, 0, 0]; 1
26; [-1.8, -1.2, -0.9, 1.8, 1.8]; [0, 1, 0, 1, 0, 0, 0, 1, 0, 0, 0, 1, 0, 0, 0, 0]; 1
27; [-2.1, -1.2, -0.9, 1.8, 1.5]; [0, 0, 0, 1, 0, 0, 0, 1, 0, 0, 0, 1, 0, 0, 0, 0]; 0
Age: 28, Weights: [-2.1, -1.2, -0.9, 1.8, 1.5]

Minimal learning set:
[X]: F(0, 0, 0, 0) = 0
[ ]: F(0, 0, 0, 1) = 0
[ ]: F(0, 0, 1, 0) = 0
[ ]: F(0, 0, 1, 1) = 1
[ ]: F(0, 1, 0, 0) = 0
[X]: F(0, 1, 0, 1) = 0
[ ]: F(0, 1, 1, 0) = 0
[ ]: F(0, 1, 1, 1) = 1
[ ]: F(1, 0, 0, 0) = 0
[X]: F(1, 0, 0, 1) = 0
[X]: F(1, 0, 1, 0) = 0
[X]: F(1, 0, 1, 1) = 1
[ ]: F(1, 1, 0, 0) = 0
[ ]: F(1, 1, 0, 1) = 0
[ ]: F(1, 1, 1, 0) = 0
[ ]: F(1, 1, 1, 1) = 0

Training on this set:
0; [0, 0, 0, 0, 0]; [1, 0, 0, 0, 0]; 2
1; [0, 0.3, 0, 0.3, 0.3]; [1, 1, 0, 1, 0]; 4
2; [-0.6, 0.3, -0.3, 0.3, 0.3]; [0, 0, 1, 0, 0]; 2
3; [-0.6, 0.3, -0.3, 0.6, 0.3]; [0, 0, 1, 0, 0]; 2
4; [-0.6, 0.3, -0.3, 0.9, 0.3]; [0, 0, 1, 1, 0]; 3
5; [-0.9, 0, -0.3, 0.9, 0.3]; [0, 0, 0, 1, 0]; 2
6; [-0.9, 0, -0.3, 0.9, 0.6]; [0, 0, 0, 1, 0]; 2
7; [-0.9, 0, -0.3, 0.9, 0.9]; [0, 0, 1, 0, 1]; 1
8; [-1.2, -0.3, -0.3, 0.9, 0.6]; [0, 0, 0, 0, 1]; 0
Age: 9, Weights: [-1.2, -0.3, -0.3, 0.9, 0.6]

--------------------
EXPONENTIAL
--------------------

Learning:
0; [0, 0, 0, 0, 0]; [1, 0, 0, 0, 0, 1, 0, 0, 0, 1, 0, 0, 1, 0, 0, 1]; 8
1; [-0.15, -0.15, -0.15, 0.15, 0]; [0, 0, 0, 1, 0, 0, 0, 0, 0, 0, 0, 1, 0, 0, 0, 0]; 1
2; [-0.075, -0.15, -0.075, 0.224, 0.075]; [0, 0, 1, 1, 0, 0, 0, 0, 0, 0, 1, 0, 0, 0, 0, 1]; 5
3; [-0.149, -0.224, -0.074, 0.151, 0.151]; [0, 1, 0, 1, 0, 0, 0, 0, 0, 0, 0, 1, 0, 0, 0, 1]; 3
4; [-0.224, -0.299, -0.074, 0.151, 0.075]; [0, 0, 0, 1, 0, 0, 0, 0, 0, 0, 0, 0, 0, 0, 1, 0]; 3
5; [-0.149, -0.299, -0.075, 0.225, 0.225]; [0, 1, 1, 1, 0, 0, 0, 0, 0, 0, 0, 0, 0, 0, 0, 1]; 5
6; [-0.223, -0.298, -0.074, 0.226, 0.226]; [0, 1, 0, 1, 0, 0, 0, 1, 0, 0, 0, 0, 0, 0, 0, 1]; 3
7; [-0.299, -0.299, -0.149, 0.225, 0.15]; [0, 0, 0, 1, 0, 0, 0, 0, 0, 0, 0, 1, 0, 0, 0, 0]; 1
8; [-0.224, -0.299, -0.074, 0.3, 0.225]; [0, 1, 1, 1, 0, 0, 0, 0, 0, 0, 0, 0, 0, 0, 0, 1]; 5
9; [-0.299, -0.298, -0.073, 0.301, 0.226]; [0, 0, 1, 1, 0, 0, 0, 1, 0, 0, 0, 0, 0, 0, 0, 1]; 3
10; [-0.375, -0.299, -0.148, 0.225, 0.225]; [0, 0, 0, 1, 0, 0, 0, 0, 0, 0, 0, 1, 0, 0, 0, 0]; 1
11; [-0.3, -0.299, -0.073, 0.3, 0.3]; [0, 1, 0, 1, 0, 0, 0, 1, 0, 0, 0, 0, 0, 0, 0, 1]; 3
12; [-0.375, -0.299, -0.148, 0.3, 0.225]; [0, 0, 0, 1, 0, 0, 0, 1, 0, 0, 0, 0, 0, 0, 0, 1]; 2
13; [-0.375, -0.3, -0.223, 0.299, 0.224]; [0, 0, 0, 1, 0, 0, 0, 0, 0, 0, 0, 1, 0, 0, 0, 0]; 1
14; [-0.301, -0.3, -0.148, 0.374, 0.299]; [0, 0, 1, 1, 0, 0, 0, 1, 0, 0, 0, 0, 0, 0, 0, 1]; 3
15; [-0.375, -0.3, -0.223, 0.299, 0.299]; [0, 0, 0, 1, 0, 0, 0, 0, 0, 0, 0, 1, 0, 0, 0, 0]; 1
16; [-0.3, -0.3, -0.148, 0.374, 0.374]; [0, 1, 0, 1, 0, 0, 0, 1, 0, 0, 0, 0, 0, 0, 0, 1]; 3
17; [-0.375, -0.299, -0.223, 0.375, 0.3]; [0, 0, 0, 1, 0, 0, 0, 1, 0, 0, 0, 0, 0, 0, 0, 1]; 2
18; [-0.375, -0.299, -0.297, 0.375, 0.3]; [0, 0, 0, 1, 0, 0, 0, 1, 0, 0, 0, 1, 0, 0, 0, 0]; 0
Age: 19, Weights: [-0.375, -0.299, -0.297, 0.375, 0.3]

Minimal learning set:
[ ]: F(0, 0, 0, 0) = 0
[ ]: F(0, 0, 0, 1) = 0
[X]: F(0, 0, 1, 0) = 0
[ ]: F(0, 0, 1, 1) = 1
[ ]: F(0, 1, 0, 0) = 0
[ ]: F(0, 1, 0, 1) = 0
[ ]: F(0, 1, 1, 0) = 0
[X]: F(0, 1, 1, 1) = 1
[ ]: F(1, 0, 0, 0) = 0
[X]: F(1, 0, 0, 1) = 0
[ ]: F(1, 0, 1, 0) = 0
[X]: F(1, 0, 1, 1) = 1
[ ]: F(1, 1, 0, 0) = 0
[X]: F(1, 1, 0, 1) = 0
[ ]: F(1, 1, 1, 0) = 0
[ ]: F(1, 1, 1, 1) = 0

Training on this set:
0; [0, 0, 0, 0, 0]; [1, 0, 1, 0, 1]; 5
1; [-0.075, -0.075, -0, 0.074, -0]; [0, 0, 0, 1, 1]; 2
2; [-0.075, -0.15, 0, 0.149, -0]; [1, 0, 0, 0, 1]; 4
3; [-0.075, -0.149, 0, 0.224, 0.075]; [1, 1, 0, 0, 1]; 3
4; [-0.15, -0.149, -0.075, 0.224, 0.075]; [1, 0, 0, 1, 0]; 2
5; [-0.15, -0.149, 0, 0.224, 0.15]; [1, 1, 0, 0, 1]; 3
6; [-0.225, -0.15, -0.075, 0.224, 0.15]; [0, 1, 0, 1, 0]; 0
Age: 7, Weights: [-0.225, -0.15, -0.075, 0.224, 0.15]
