Learning set:
[X]: F(0, 0, 0, 0) = 0
[X]: F(0, 0, 0, 1) = 0
[X]: F(0, 0, 1, 0) = 0
[X]: F(0, 0, 1, 1) = 0
[X]: F(0, 1, 0, 0) = 1
[X]: F(0, 1, 0, 1) = 1
[X]: F(0, 1, 1, 0) = 1
[X]: F(0, 1, 1, 1) = 1
[X]: F(1, 0, 0, 0) = 0
[X]: F(1, 0, 0, 1) = 0
[X]: F(1, 0, 1, 0) = 0
[X]: F(1, 0, 1, 1) = 0
[X]: F(1, 1, 0, 0) = 0
[X]: F(1, 1, 0, 1) = 1
[X]: F(1, 1, 1, 0) = 1
[X]: F(1, 1, 1, 1) = 1

--------------------
STEP
--------------------

Learning:
0; [0, 0, 0, 0, 0]; [1, 0, 0, 0, 0, 1, 1, 1, 1, 0, 0, 0, 0, 0, 1, 1]; 4
1; [0, 0, 0.6, 0, 0.3]; [1, 1, 0, 0, 1, 1, 1, 1, 0, 0, 0, 0, 1, 0, 1, 1]; 4
2; [-0.6, 0, 0.6, 0, 0.3]; [0, 0, 0, 0, 1, 1, 1, 1, 0, 0, 0, 0, 1, 0, 1, 1]; 2
3; [-0.6, 0, 0.6, 0, 0.6]; [0, 1, 0, 0, 0, 1, 1, 1, 0, 0, 0, 0, 1, 0, 1, 1]; 4
4; [-0.6, 0, 0.9, 0, 0.6]; [0, 1, 0, 0, 1, 1, 1, 1, 0, 0, 0, 0, 1, 0, 1, 1]; 3
5; [-0.9, 0, 0.9, 0, 0.6]; [0, 0, 0, 0, 1, 1, 1, 1, 0, 0, 0, 0, 1, 0, 1, 1]; 2
6; [-0.9, 0, 0.9, 0, 0.9]; [0, 1, 0, 0, 0, 1, 1, 1, 0, 0, 0, 0, 1, 1, 0, 1]; 4
7; [-0.9, 0, 1.2, 0.3, 0.6]; [0, 0, 0, 1, 1, 1, 1, 1, 0, 0, 0, 0, 1, 0, 1, 1]; 3
8; [-1.2, 0, 1.2, 0, 0.6]; [0, 0, 0, 0, 1, 1, 1, 1, 0, 0, 0, 0, 1, 0, 1, 1]; 2
9; [-1.2, 0, 1.2, 0, 0.9]; [0, 0, 0, 0, 1, 1, 1, 1, 0, 0, 0, 0, 1, 1, 0, 1]; 2
10; [-1.2, 0, 1.2, 0.3, 0.9]; [0, 0, 0, 1, 0, 1, 1, 1, 0, 0, 0, 0, 1, 1, 0, 1]; 4
11; [-1.2, 0, 1.5, 0.3, 0.6]; [0, 0, 0, 0, 1, 1, 1, 1, 0, 0, 0, 0, 1, 1, 0, 1]; 2
12; [-1.2, 0, 1.5, 0.6, 0.6]; [0, 0, 0, 1, 1, 1, 1, 1, 0, 0, 0, 0, 1, 0, 1, 1]; 3
13; [-1.5, 0, 1.5, 0.3, 0.6]; [0, 0, 0, 0, 1, 1, 1, 1, 0, 0, 0, 0, 1, 0, 1, 1]; 2
14; [-1.5, 0, 1.5, 0.3, 0.9]; [0, 0, 0, 0, 1, 1, 1, 1, 0, 0, 0, 0, 1, 1, 0, 1]; 2
15; [-1.5, 0, 1.5, 0.6, 0.9]; [0, 0, 0, 1, 0, 1, 1, 1, 0, 0, 0, 0, 1, 1, 0, 1]; 4
16; [-1.5, 0, 1.8, 0.6, 0.6]; [0, 0, 0, 0, 1, 1, 1, 1, 0, 0, 0, 0, 1, 1, 1, 1]; 1
17; [-1.8, -0.3, 1.5, 0.6, 0.6]; [0, 0, 0, 0, 0, 1, 1, 1, 0, 0, 0, 0, 1, 0, 1, 1]; 3
18; [-1.5, -0.3, 1.8, 0.6, 0.9]; [0, 0, 0, 1, 1, 1, 1, 1, 0, 0, 0, 0, 0, 1, 1, 1]; 1
19; [-1.8, -0.3, 1.8, 0.3, 0.6]; [0, 0, 0, 0, 1, 1, 1, 1, 0, 0, 0, 0, 0, 1, 1, 1]; 0
Age: 20, Weights: [-1.8, -0.3, 1.8, 0.3, 0.6]

Minimal learning set:
[ ]: F(0, 0, 0, 0) = 0
[ ]: F(0, 0, 0, 1) = 0
[X]: F(0, 0, 1, 0) = 0
[ ]: F(0, 0, 1, 1) = 0
[ ]: F(0, 1, 0, 0) = 1
[ ]: F(0, 1, 0, 1) = 1
[ ]: F(0, 1, 1, 0) = 1
[ ]: F(0, 1, 1, 1) = 1
[X]: F(1, 0, 0, 0) = 0
[X]: F(1, 0, 0, 1) = 0
[ ]: F(1, 0, 1, 0) = 0
[ ]: F(1, 0, 1, 1) = 0
[ ]: F(1, 1, 0, 0) = 0
[ ]: F(1, 1, 0, 1) = 1
[ ]: F(1, 1, 1, 0) = 1
[X]: F(1, 1, 1, 1) = 1

Training on this set:
0; [0, 0, 0, 0, 0]; [1, 0, 0, 0]; 2
1; [0, 0.3, 0.3, 0, 0.3]; [1, 1, 0, 0]; 3
2; [-0.3, 0.3, 0.6, 0, 0.6]; [0, 1, 1, 0]; 3
3; [-0.6, 0, 0.9, 0.3, 0.6]; [0, 0, 1, 1]; 1
4; [-0.9, -0.3, 0.9, 0.3, 0.3]; [0, 0, 0, 1]; 0
Age: 5, Weights: [-0.9, -0.3, 0.9, 0.3, 0.3]

--------------------
MODULE
--------------------

Learning:
0; [0, 0, 0, 0, 0]; [1, 0, 0, 0, 0, 1, 1, 1, 1, 0, 0, 0, 0, 0, 1, 1]; 4
1; [0.059, 0.011, 0.374, 0, 0.176]; [1, 1, 0, 0, 1, 1, 1, 1, 0, 0, 0, 0, 1, 0, 1, 1]; 4
2; [-0.152, 0.138, 0.502, 0, 0.316]; [0, 1, 0, 0, 1, 1, 1, 1, 0, 0, 0, 0, 1, 0, 1, 1]; 3
3; [-0.332, 0.162, 0.526, 0, 0.384]; [0, 1, 0, 0, 1, 1, 1, 1, 0, 0, 0, 0, 1, 0, 1, 1]; 3
4; [-0.484, 0.177, 0.54, 0, 0.445]; [0, 0, 0, 0, 1, 1, 1, 1, 0, 1, 0, 0, 0, 1, 0, 1]; 2
5; [-0.477, 0.183, 0.74, 0.2, 0.251]; [0, 0, 0, 0, 1, 1, 1, 1, 0, 0, 0, 1, 1, 0, 1, 1]; 3
6; [-0.549, 0.111, 0.869, -0, 0.343]; [0, 0, 0, 0, 1, 1, 1, 1, 0, 0, 0, 0, 1, 0, 1, 1]; 2
7; [-0.658, 0.002, 0.759, -0, 0.54]; [0, 0, 0, 0, 1, 1, 1, 1, 0, 0, 0, 0, 1, 1, 0, 1]; 2
8; [-0.528, 0.132, 0.89, 0.313, 0.54]; [0, 1, 0, 1, 1, 1, 1, 1, 0, 0, 0, 0, 1, 0, 1, 1]; 4
9; [-0.826, 0.143, 0.901, 0.157, 0.453]; [0, 0, 0, 0, 1, 1, 1, 1, 0, 0, 0, 0, 1, 1, 0, 1]; 2
10; [-0.798, 0.171, 0.929, 0.408, 0.453]; [0, 0, 0, 1, 0, 1, 1, 1, 0, 0, 0, 0, 1, 0, 1, 1]; 4
11; [-0.902, 0.074, 0.994, 0.239, 0.505]; [0, 0, 0, 0, 1, 1, 1, 1, 0, 0, 0, 0, 1, 1, 0, 1]; 2
12; [-0.888, 0.089, 1.009, 0.457, 0.505]; [0, 0, 0, 1, 0, 1, 1, 1, 0, 0, 0, 0, 1, 0, 1, 1]; 4
13; [-0.98, 0.004, 1.089, 0.284, 0.528]; [0, 0, 0, 0, 1, 1, 1, 1, 0, 0, 0, 0, 1, 1, 0, 1]; 2
14; [-0.964, 0.02, 1.106, 0.486, 0.528]; [0, 0, 0, 1, 0, 1, 1, 1, 0, 0, 0, 0, 1, 0, 1, 1]; 4
15; [-1.048, -0.056, 1.187, 0.321, 0.544]; [0, 0, 0, 0, 1, 1, 1, 1, 0, 0, 0, 0, 1, 1, 0, 1]; 2
16; [-1.034, -0.042, 1.2, 0.51, 0.544]; [0, 0, 0, 1, 1, 1, 1, 1, 0, 0, 0, 0, 0, 1, 1, 1]; 1
17; [-1.19, -0.042, 1.2, 0.354, 0.388]; [0, 0, 0, 0, 1, 1, 1, 1, 0, 0, 0, 0, 0, 1, 1, 1]; 0
Age: 18, Weights: [-1.19, -0.042, 1.2, 0.354, 0.388]

Minimal learning set:
[ ]: F(0, 0, 0, 0) = 0
[ ]: F(0, 0, 0, 1) = 0
[X]: F(0, 0, 1, 0) = 0
[ ]: F(0, 0, 1, 1) = 0
[ ]: F(0, 1, 0, 0) = 1
[ ]: F(0, 1, 0, 1) = 1
[ ]: F(0, 1, 1, 0) = 1
[ ]: F(0, 1, 1, 1) = 1
[X]: F(1, 0, 0, 0) = 0
[X]: F(1, 0, 0, 1) = 0
[ ]: F(1, 0, 1, 0) = 0
[ ]: F(1, 0, 1, 1) = 0
[ ]: F(1, 1, 0, 0) = 0
[ ]: F(1, 1, 0, 1) = 1
[ ]: F(1, 1, 1, 0) = 1
[X]: F(1, 1, 1, 1) = 1

Training on this set:
0; [0, 0, 0, 0, 0]; [1, 0, 0, 0]; 2
1; [0.104, 0.254, 0.254, 0.104, 0.254]; [1, 1, 1, 0]; 4
2; [-0.202, 0.166, 0.511, 0.143, 0.36]; [0, 0, 1, 1]; 1
3; [-0.465, -0.097, 0.511, 0.143, 0.098]; [0, 0, 0, 1]; 0
Age: 4, Weights: [-0.465, -0.097, 0.511, 0.143, 0.098]
