Learning set:
[X]: F(0, 0) = 0
[X]: F(0, 1) = 1
[X]: F(1, 0) = 1
[X]: F(1, 1) = 0

--------------------
STEP
--------------------

Learning:
0; [0, 0, 0]; [1, 0, 1, 1]; 3
1; [-0.3, -0.3, 0]; [0, 0, 0, 1]; 3
2; [0, -0.3, 0]; [1, 0, 0, 1]; 4
3; [0, -0.3, 0]; [1, 0, 0, 1]; 4
4; [0, -0.3, 0]; [1, 0, 0, 1]; 4
5; [0, -0.3, 0]; [1, 0, 0, 1]; 4
6; [0, -0.3, 0]; [1, 0, 0, 1]; 4
7; [0, -0.3, 0]; [1, 0, 0, 1]; 4
8; [0, -0.3, 0]; [1, 0, 0, 1]; 4
9; [0, -0.3, 0]; [1, 0, 0, 1]; 4
10; [0, -0.3, 0]; [1, 0, 0, 1]; 4
11; [0, -0.3, 0]; [1, 0, 0, 1]; 4
12; [0, -0.3, 0]; [1, 0, 0, 1]; 4
13; [0, -0.3, 0]; [1, 0, 0, 1]; 4
14; [0, -0.3, 0]; [1, 0, 0, 1]; 4
15; [0, -0.3, 0]; [1, 0, 0, 1]; 4
16; [0, -0.3, 0]; [1, 0, 0, 1]; 4
17; [0, -0.3, 0]; [1, 0, 0, 1]; 4
18; [0, -0.3, 0]; [1, 0, 0, 1]; 4
19; [0, -0.3, 0]; [1, 0, 0, 1]; 4
20; [0, -0.3, 0]; [1, 0, 0, 1]; 4
21; [0, -0.3, 0]; [1, 0, 0, 1]; 4
22; [0, -0.3, 0]; [1, 0, 0, 1]; 4
23; [0, -0.3, 0]; [1, 0, 0, 1]; 4
24; [0, -0.3, 0]; [1, 0, 0, 1]; 4
25; [0, -0.3, 0]; [1, 0, 0, 1]; 4
26; [0, -0.3, 0]; [1, 0, 0, 1]; 4
27; [0, -0.3, 0]; [1, 0, 0, 1]; 4
28; [0, -0.3, 0]; [1, 0, 0, 1]; 4
29; [0, -0.3, 0]; [1, 0, 0, 1]; 4
30; [0, -0.3, 0]; [1, 0, 0, 1]; 4
31; [0, -0.3, 0]; [1, 0, 0, 1]; 4
32; [0, -0.3, 0]; [1, 0, 0, 1]; 4
33; [0, -0.3, 0]; [1, 0, 0, 1]; 4
34; [0, -0.3, 0]; [1, 0, 0, 1]; 4
35; [0, -0.3, 0]; [1, 0, 0, 1]; 4
36; [0, -0.3, 0]; [1, 0, 0, 1]; 4
37; [0, -0.3, 0]; [1, 0, 0, 1]; 4
38; [0, -0.3, 0]; [1, 0, 0, 1]; 4
39; [0, -0.3, 0]; [1, 0, 0, 1]; 4
40; [0, -0.3, 0]; [1, 0, 0, 1]; 4
41; [0, -0.3, 0]; [1, 0, 0, 1]; 4
42; [0, -0.3, 0]; [1, 0, 0, 1]; 4
43; [0, -0.3, 0]; [1, 0, 0, 1]; 4
44; [0, -0.3, 0]; [1, 0, 0, 1]; 4
45; [0, -0.3, 0]; [1, 0, 0, 1]; 4
46; [0, -0.3, 0]; [1, 0, 0, 1]; 4
47; [0, -0.3, 0]; [1, 0, 0, 1]; 4
48; [0, -0.3, 0]; [1, 0, 0, 1]; 4
49; [0, -0.3, 0]; [1, 0, 0, 1]; 4
50; [0, -0.3, 0]; [1, 0, 0, 1]; 4
51; [0, -0.3, 0]; [1, 0, 0, 1]; 4
52; [0, -0.3, 0]; [1, 0, 0, 1]; 4
53; [0, -0.3, 0]; [1, 0, 0, 1]; 4
54; [0, -0.3, 0]; [1, 0, 0, 1]; 4
55; [0, -0.3, 0]; [1, 0, 0, 1]; 4
56; [0, -0.3, 0]; [1, 0, 0, 1]; 4
57; [0, -0.3, 0]; [1, 0, 0, 1]; 4
58; [0, -0.3, 0]; [1, 0, 0, 1]; 4
59; [0, -0.3, 0]; [1, 0, 0, 1]; 4
60; [0, -0.3, 0]; [1, 0, 0, 1]; 4
61; [0, -0.3, 0]; [1, 0, 0, 1]; 4
62; [0, -0.3, 0]; [1, 0, 0, 1]; 4
63; [0, -0.3, 0]; [1, 0, 0, 1]; 4
64; [0, -0.3, 0]; [1, 0, 0, 1]; 4
65; [0, -0.3, 0]; [1, 0, 0, 1]; 4
66; [0, -0.3, 0]; [1, 0, 0, 1]; 4
67; [0, -0.3, 0]; [1, 0, 0, 1]; 4
68; [0, -0.3, 0]; [1, 0, 0, 1]; 4
69; [0, -0.3, 0]; [1, 0, 0, 1]; 4
70; [0, -0.3, 0]; [1, 0, 0, 1]; 4
71; [0, -0.3, 0]; [1, 0, 0, 1]; 4
72; [0, -0.3, 0]; [1, 0, 0, 1]; 4
73; [0, -0.3, 0]; [1, 0, 0, 1]; 4
74; [0, -0.3, 0]; [1, 0, 0, 1]; 4
75; [0, -0.3, 0]; [1, 0, 0, 1]; 4
76; [0, -0.3, 0]; [1, 0, 0, 1]; 4
77; [0, -0.3, 0]; [1, 0, 0, 1]; 4
78; [0, -0.3, 0]; [1, 0, 0, 1]; 4
79; [0, -0.3, 0]; [1, 0, 0, 1]; 4
80; [0, -0.3, 0]; [1, 0, 0, 1]; 4
81; [0, -0.3, 0]; [1, 0, 0, 1]; 4
82; [0, -0.3, 0]; [1, 0, 0, 1]; 4
83; [0, -0.3, 0]; [1, 0, 0, 1]; 4
84; [0, -0.3, 0]; [1, 0, 0, 1]; 4
85; [0, -0.3, 0]; [1, 0, 0, 1]; 4
86; [0, -0.3, 0]; [1, 0, 0, 1]; 4
87; [0, -0.3, 0]; [1, 0, 0, 1]; 4
88; [0, -0.3, 0]; [1, 0, 0, 1]; 4
89; [0, -0.3, 0]; [1, 0, 0, 1]; 4
90; [0, -0.3, 0]; [1, 0, 0, 1]; 4
91; [0, -0.3, 0]; [1, 0, 0, 1]; 4
92; [0, -0.3, 0]; [1, 0, 0, 1]; 4
93; [0, -0.3, 0]; [1, 0, 0, 1]; 4
94; [0, -0.3, 0]; [1, 0, 0, 1]; 4
95; [0, -0.3, 0]; [1, 0, 0, 1]; 4
96; [0, -0.3, 0]; [1, 0, 0, 1]; 4
97; [0, -0.3, 0]; [1, 0, 0, 1]; 4
98; [0, -0.3, 0]; [1, 0, 0, 1]; 4
99; [0, -0.3, 0]; [1, 0, 0, 1]; 4
100; [0, -0.3, 0]; [1, 0, 0, 1]; 4
101; [0, -0.3, 0]; [1, 0, 0, 1]; 4
102; [0, -0.3, 0]; [1, 0, 0, 1]; 4
103; [0, -0.3, 0]; [1, 0, 0, 1]; 4
104; [0, -0.3, 0]; [1, 0, 0, 1]; 4
105; [0, -0.3, 0]; [1, 0, 0, 1]; 4
106; [0, -0.3, 0]; [1, 0, 0, 1]; 4
107; [0, -0.3, 0]; [1, 0, 0, 1]; 4
108; [0, -0.3, 0]; [1, 0, 0, 1]; 4
109; [0, -0.3, 0]; [1, 0, 0, 1]; 4
110; [0, -0.3, 0]; [1, 0, 0, 1]; 4
111; [0, -0.3, 0]; [1, 0, 0, 1]; 4
112; [0, -0.3, 0]; [1, 0, 0, 1]; 4
113; [0, -0.3, 0]; [1, 0, 0, 1]; 4
114; [0, -0.3, 0]; [1, 0, 0, 1]; 4
115; [0, -0.3, 0]; [1, 0, 0, 1]; 4
116; [0, -0.3, 0]; [1, 0, 0, 1]; 4
117; [0, -0.3, 0]; [1, 0, 0, 1]; 4
118; [0, -0.3, 0]; [1, 0, 0, 1]; 4
119; [0, -0.3, 0]; [1, 0, 0, 1]; 4
120; [0, -0.3, 0]; [1, 0, 0, 1]; 4
121; [0, -0.3, 0]; [1, 0, 0, 1]; 4
122; [0, -0.3, 0]; [1, 0, 0, 1]; 4
123; [0, -0.3, 0]; [1, 0, 0, 1]; 4
124; [0, -0.3, 0]; [1, 0, 0, 1]; 4
125; [0, -0.3, 0]; [1, 0, 0, 1]; 4
126; [0, -0.3, 0]; [1, 0, 0, 1]; 4
127; [0, -0.3, 0]; [1, 0, 0, 1]; 4
128; [0, -0.3, 0]; [1, 0, 0, 1]; 4
129; [0, -0.3, 0]; [1, 0, 0, 1]; 4
130; [0, -0.3, 0]; [1, 0, 0, 1]; 4
131; [0, -0.3, 0]; [1, 0, 0, 1]; 4
132; [0, -0.3, 0]; [1, 0, 0, 1]; 4
133; [0, -0.3, 0]; [1, 0, 0, 1]; 4
134; [0, -0.3, 0]; [1, 0, 0, 1]; 4
135; [0, -0.3, 0]; [1, 0, 0, 1]; 4
136; [0, -0.3, 0]; [1, 0, 0, 1]; 4
137; [0, -0.3, 0]; [1, 0, 0, 1]; 4
138; [0, -0.3, 0]; [1, 0, 0, 1]; 4
139; [0, -0.3, 0]; [1, 0, 0, 1]; 4
140; [0, -0.3, 0]; [1, 0, 0, 1]; 4
141; [0, -0.3, 0]; [1, 0, 0, 1]; 4
142; [0, -0.3, 0]; [1, 0, 0, 1]; 4
143; [0, -0.3, 0]; [1, 0, 0, 1]; 4
144; [0, -0.3, 0]; [1, 0, 0, 1]; 4
145; [0, -0.3, 0]; [1, 0, 0, 1]; 4
146; [0, -0.3, 0]; [1, 0, 0, 1]; 4
147; [0, -0.3, 0]; [1, 0, 0, 1]; 4
148; [0, -0.3, 0]; [1, 0, 0, 1]; 4
149; [0, -0.3, 0]; [1, 0, 0, 1]; 4
150; [0, -0.3, 0]; [1, 0, 0, 1]; 4
151; [0, -0.3, 0]; [1, 0, 0, 1]; 4
152; [0, -0.3, 0]; [1, 0, 0, 1]; 4
153; [0, -0.3, 0]; [1, 0, 0, 1]; 4
154; [0, -0.3, 0]; [1, 0, 0, 1]; 4
155; [0, -0.3, 0]; [1, 0, 0, 1]; 4
156; [0, -0.3, 0]; [1, 0, 0, 1]; 4
157; [0, -0.3, 0]; [1, 0, 0, 1]; 4
158; [0, -0.3, 0]; [1, 0, 0, 1]; 4
159; [0, -0.3, 0]; [1, 0, 0, 1]; 4
160; [0, -0.3, 0]; [1, 0, 0, 1]; 4
161; [0, -0.3, 0]; [1, 0, 0, 1]; 4
162; [0, -0.3, 0]; [1, 0, 0, 1]; 4
163; [0, -0.3, 0]; [1, 0, 0, 1]; 4
164; [0, -0.3, 0]; [1, 0, 0, 1]; 4
165; [0, -0.3, 0]; [1, 0, 0, 1]; 4
166; [0, -0.3, 0]; [1, 0, 0, 1]; 4
167; [0, -0.3, 0]; [1, 0, 0, 1]; 4
168; [0, -0.3, 0]; [1, 0, 0, 1]; 4
169; [0, -0.3, 0]; [1, 0, 0, 1]; 4
170; [0, -0.3, 0]; [1, 0, 0, 1]; 4
171; [0, -0.3, 0]; [1, 0, 0, 1]; 4
172; [0, -0.3, 0]; [1, 0, 0, 1]; 4
173; [0, -0.3, 0]; [1, 0, 0, 1]; 4
174; [0, -0.3, 0]; [1, 0, 0, 1]; 4
175; [0, -0.3, 0]; [1, 0, 0, 1]; 4
176; [0, -0.3, 0]; [1, 0, 0, 1]; 4
177; [0, -0.3, 0]; [1, 0, 0, 1]; 4
178; [0, -0.3, 0]; [1, 0, 0, 1]; 4
179; [0, -0.3, 0]; [1, 0, 0, 1]; 4
180; [0, -0.3, 0]; [1, 0, 0, 1]; 4
181; [0, -0.3, 0]; [1, 0, 0, 1]; 4
182; [0, -0.3, 0]; [1, 0, 0, 1]; 4
183; [0, -0.3, 0]; [1, 0, 0, 1]; 4
184; [0, -0.3, 0]; [1, 0, 0, 1]; 4
185; [0, -0.3, 0]; [1, 0, 0, 1]; 4
186; [0, -0.3, 0]; [1, 0, 0, 1]; 4
187; [0, -0.3, 0]; [1, 0, 0, 1]; 4
188; [0, -0.3, 0]; [1, 0, 0, 1]; 4
189; [0, -0.3, 0]; [1, 0, 0, 1]; 4
190; [0, -0.3, 0]; [1, 0, 0, 1]; 4
191; [0, -0.3, 0]; [1, 0, 0, 1]; 4
192; [0, -0.3, 0]; [1, 0, 0, 1]; 4
193; [0, -0.3, 0]; [1, 0, 0, 1]; 4
194; [0, -0.3, 0]; [1, 0, 0, 1]; 4
195; [0, -0.3, 0]; [1, 0, 0, 1]; 4
196; [0, -0.3, 0]; [1, 0, 0, 1]; 4
197; [0, -0.3, 0]; [1, 0, 0, 1]; 4
198; [0, -0.3, 0]; [1, 0, 0, 1]; 4
199; [0, -0.3, 0]; [1, 0, 0, 1]; 4
Age: 200, Weights: [0, -0.3, 0]

Minimal learning set:
[X]: F(0, 0) = 0
[X]: F(0, 1) = 1
[X]: F(1, 0) = 1
[X]: F(1, 1) = 0

Training on this set:
0; [0, 0, 0]; [1, 0, 1, 1]; 3
1; [-0.3, -0.3, 0]; [0, 0, 0, 1]; 3
2; [0, -0.3, 0]; [1, 0, 0, 1]; 4
3; [0, -0.3, 0]; [1, 0, 0, 1]; 4
4; [0, -0.3, 0]; [1, 0, 0, 1]; 4
5; [0, -0.3, 0]; [1, 0, 0, 1]; 4
6; [0, -0.3, 0]; [1, 0, 0, 1]; 4
7; [0, -0.3, 0]; [1, 0, 0, 1]; 4
8; [0, -0.3, 0]; [1, 0, 0, 1]; 4
9; [0, -0.3, 0]; [1, 0, 0, 1]; 4
10; [0, -0.3, 0]; [1, 0, 0, 1]; 4
11; [0, -0.3, 0]; [1, 0, 0, 1]; 4
12; [0, -0.3, 0]; [1, 0, 0, 1]; 4
13; [0, -0.3, 0]; [1, 0, 0, 1]; 4
14; [0, -0.3, 0]; [1, 0, 0, 1]; 4
15; [0, -0.3, 0]; [1, 0, 0, 1]; 4
16; [0, -0.3, 0]; [1, 0, 0, 1]; 4
17; [0, -0.3, 0]; [1, 0, 0, 1]; 4
18; [0, -0.3, 0]; [1, 0, 0, 1]; 4
19; [0, -0.3, 0]; [1, 0, 0, 1]; 4
20; [0, -0.3, 0]; [1, 0, 0, 1]; 4
21; [0, -0.3, 0]; [1, 0, 0, 1]; 4
22; [0, -0.3, 0]; [1, 0, 0, 1]; 4
23; [0, -0.3, 0]; [1, 0, 0, 1]; 4
24; [0, -0.3, 0]; [1, 0, 0, 1]; 4
25; [0, -0.3, 0]; [1, 0, 0, 1]; 4
26; [0, -0.3, 0]; [1, 0, 0, 1]; 4
27; [0, -0.3, 0]; [1, 0, 0, 1]; 4
28; [0, -0.3, 0]; [1, 0, 0, 1]; 4
29; [0, -0.3, 0]; [1, 0, 0, 1]; 4
30; [0, -0.3, 0]; [1, 0, 0, 1]; 4
31; [0, -0.3, 0]; [1, 0, 0, 1]; 4
32; [0, -0.3, 0]; [1, 0, 0, 1]; 4
33; [0, -0.3, 0]; [1, 0, 0, 1]; 4
34; [0, -0.3, 0]; [1, 0, 0, 1]; 4
35; [0, -0.3, 0]; [1, 0, 0, 1]; 4
36; [0, -0.3, 0]; [1, 0, 0, 1]; 4
37; [0, -0.3, 0]; [1, 0, 0, 1]; 4
38; [0, -0.3, 0]; [1, 0, 0, 1]; 4
39; [0, -0.3, 0]; [1, 0, 0, 1]; 4
40; [0, -0.3, 0]; [1, 0, 0, 1]; 4
41; [0, -0.3, 0]; [1, 0, 0, 1]; 4
42; [0, -0.3, 0]; [1, 0, 0, 1]; 4
43; [0, -0.3, 0]; [1, 0, 0, 1]; 4
44; [0, -0.3, 0]; [1, 0, 0, 1]; 4
45; [0, -0.3, 0]; [1, 0, 0, 1]; 4
46; [0, -0.3, 0]; [1, 0, 0, 1]; 4
47; [0, -0.3, 0]; [1, 0, 0, 1]; 4
48; [0, -0.3, 0]; [1, 0, 0, 1]; 4
49; [0, -0.3, 0]; [1, 0, 0, 1]; 4
50; [0, -0.3, 0]; [1, 0, 0, 1]; 4
51; [0, -0.3, 0]; [1, 0, 0, 1]; 4
52; [0, -0.3, 0]; [1, 0, 0, 1]; 4
53; [0, -0.3, 0]; [1, 0, 0, 1]; 4
54; [0, -0.3, 0]; [1, 0, 0, 1]; 4
55; [0, -0.3, 0]; [1, 0, 0, 1]; 4
56; [0, -0.3, 0]; [1, 0, 0, 1]; 4
57; [0, -0.3, 0]; [1, 0, 0, 1]; 4
58; [0, -0.3, 0]; [1, 0, 0, 1]; 4
59; [0, -0.3, 0]; [1, 0, 0, 1]; 4
60; [0, -0.3, 0]; [1, 0, 0, 1]; 4
61; [0, -0.3, 0]; [1, 0, 0, 1]; 4
62; [0, -0.3, 0]; [1, 0, 0, 1]; 4
63; [0, -0.3, 0]; [1, 0, 0, 1]; 4
64; [0, -0.3, 0]; [1, 0, 0, 1]; 4
65; [0, -0.3, 0]; [1, 0, 0, 1]; 4
66; [0, -0.3, 0]; [1, 0, 0, 1]; 4
67; [0, -0.3, 0]; [1, 0, 0, 1]; 4
68; [0, -0.3, 0]; [1, 0, 0, 1]; 4
69; [0, -0.3, 0]; [1, 0, 0, 1]; 4
70; [0, -0.3, 0]; [1, 0, 0, 1]; 4
71; [0, -0.3, 0]; [1, 0, 0, 1]; 4
72; [0, -0.3, 0]; [1, 0, 0, 1]; 4
73; [0, -0.3, 0]; [1, 0, 0, 1]; 4
74; [0, -0.3, 0]; [1, 0, 0, 1]; 4
75; [0, -0.3, 0]; [1, 0, 0, 1]; 4
76; [0, -0.3, 0]; [1, 0, 0, 1]; 4
77; [0, -0.3, 0]; [1, 0, 0, 1]; 4
78; [0, -0.3, 0]; [1, 0, 0, 1]; 4
79; [0, -0.3, 0]; [1, 0, 0, 1]; 4
80; [0, -0.3, 0]; [1, 0, 0, 1]; 4
81; [0, -0.3, 0]; [1, 0, 0, 1]; 4
82; [0, -0.3, 0]; [1, 0, 0, 1]; 4
83; [0, -0.3, 0]; [1, 0, 0, 1]; 4
84; [0, -0.3, 0]; [1, 0, 0, 1]; 4
85; [0, -0.3, 0]; [1, 0, 0, 1]; 4
86; [0, -0.3, 0]; [1, 0, 0, 1]; 4
87; [0, -0.3, 0]; [1, 0, 0, 1]; 4
88; [0, -0.3, 0]; [1, 0, 0, 1]; 4
89; [0, -0.3, 0]; [1, 0, 0, 1]; 4
90; [0, -0.3, 0]; [1, 0, 0, 1]; 4
91; [0, -0.3, 0]; [1, 0, 0, 1]; 4
92; [0, -0.3, 0]; [1, 0, 0, 1]; 4
93; [0, -0.3, 0]; [1, 0, 0, 1]; 4
94; [0, -0.3, 0]; [1, 0, 0, 1]; 4
95; [0, -0.3, 0]; [1, 0, 0, 1]; 4
96; [0, -0.3, 0]; [1, 0, 0, 1]; 4
97; [0, -0.3, 0]; [1, 0, 0, 1]; 4
98; [0, -0.3, 0]; [1, 0, 0, 1]; 4
99; [0, -0.3, 0]; [1, 0, 0, 1]; 4
100; [0, -0.3, 0]; [1, 0, 0, 1]; 4
101; [0, -0.3, 0]; [1, 0, 0, 1]; 4
102; [0, -0.3, 0]; [1, 0, 0, 1]; 4
103; [0, -0.3, 0]; [1, 0, 0, 1]; 4
104; [0, -0.3, 0]; [1, 0, 0, 1]; 4
105; [0, -0.3, 0]; [1, 0, 0, 1]; 4
106; [0, -0.3, 0]; [1, 0, 0, 1]; 4
107; [0, -0.3, 0]; [1, 0, 0, 1]; 4
108; [0, -0.3, 0]; [1, 0, 0, 1]; 4
109; [0, -0.3, 0]; [1, 0, 0, 1]; 4
110; [0, -0.3, 0]; [1, 0, 0, 1]; 4
111; [0, -0.3, 0]; [1, 0, 0, 1]; 4
112; [0, -0.3, 0]; [1, 0, 0, 1]; 4
113; [0, -0.3, 0]; [1, 0, 0, 1]; 4
114; [0, -0.3, 0]; [1, 0, 0, 1]; 4
115; [0, -0.3, 0]; [1, 0, 0, 1]; 4
116; [0, -0.3, 0]; [1, 0, 0, 1]; 4
117; [0, -0.3, 0]; [1, 0, 0, 1]; 4
118; [0, -0.3, 0]; [1, 0, 0, 1]; 4
119; [0, -0.3, 0]; [1, 0, 0, 1]; 4
120; [0, -0.3, 0]; [1, 0, 0, 1]; 4
121; [0, -0.3, 0]; [1, 0, 0, 1]; 4
122; [0, -0.3, 0]; [1, 0, 0, 1]; 4
123; [0, -0.3, 0]; [1, 0, 0, 1]; 4
124; [0, -0.3, 0]; [1, 0, 0, 1]; 4
125; [0, -0.3, 0]; [1, 0, 0, 1]; 4
126; [0, -0.3, 0]; [1, 0, 0, 1]; 4
127; [0, -0.3, 0]; [1, 0, 0, 1]; 4
128; [0, -0.3, 0]; [1, 0, 0, 1]; 4
129; [0, -0.3, 0]; [1, 0, 0, 1]; 4
130; [0, -0.3, 0]; [1, 0, 0, 1]; 4
131; [0, -0.3, 0]; [1, 0, 0, 1]; 4
132; [0, -0.3, 0]; [1, 0, 0, 1]; 4
133; [0, -0.3, 0]; [1, 0, 0, 1]; 4
134; [0, -0.3, 0]; [1, 0, 0, 1]; 4
135; [0, -0.3, 0]; [1, 0, 0, 1]; 4
136; [0, -0.3, 0]; [1, 0, 0, 1]; 4
137; [0, -0.3, 0]; [1, 0, 0, 1]; 4
138; [0, -0.3, 0]; [1, 0, 0, 1]; 4
139; [0, -0.3, 0]; [1, 0, 0, 1]; 4
140; [0, -0.3, 0]; [1, 0, 0, 1]; 4
141; [0, -0.3, 0]; [1, 0, 0, 1]; 4
142; [0, -0.3, 0]; [1, 0, 0, 1]; 4
143; [0, -0.3, 0]; [1, 0, 0, 1]; 4
144; [0, -0.3, 0]; [1, 0, 0, 1]; 4
145; [0, -0.3, 0]; [1, 0, 0, 1]; 4
146; [0, -0.3, 0]; [1, 0, 0, 1]; 4
147; [0, -0.3, 0]; [1, 0, 0, 1]; 4
148; [0, -0.3, 0]; [1, 0, 0, 1]; 4
149; [0, -0.3, 0]; [1, 0, 0, 1]; 4
150; [0, -0.3, 0]; [1, 0, 0, 1]; 4
151; [0, -0.3, 0]; [1, 0, 0, 1]; 4
152; [0, -0.3, 0]; [1, 0, 0, 1]; 4
153; [0, -0.3, 0]; [1, 0, 0, 1]; 4
154; [0, -0.3, 0]; [1, 0, 0, 1]; 4
155; [0, -0.3, 0]; [1, 0, 0, 1]; 4
156; [0, -0.3, 0]; [1, 0, 0, 1]; 4
157; [0, -0.3, 0]; [1, 0, 0, 1]; 4
158; [0, -0.3, 0]; [1, 0, 0, 1]; 4
159; [0, -0.3, 0]; [1, 0, 0, 1]; 4
160; [0, -0.3, 0]; [1, 0, 0, 1]; 4
161; [0, -0.3, 0]; [1, 0, 0, 1]; 4
162; [0, -0.3, 0]; [1, 0, 0, 1]; 4
163; [0, -0.3, 0]; [1, 0, 0, 1]; 4
164; [0, -0.3, 0]; [1, 0, 0, 1]; 4
165; [0, -0.3, 0]; [1, 0, 0, 1]; 4
166; [0, -0.3, 0]; [1, 0, 0, 1]; 4
167; [0, -0.3, 0]; [1, 0, 0, 1]; 4
168; [0, -0.3, 0]; [1, 0, 0, 1]; 4
169; [0, -0.3, 0]; [1, 0, 0, 1]; 4
170; [0, -0.3, 0]; [1, 0, 0, 1]; 4
171; [0, -0.3, 0]; [1, 0, 0, 1]; 4
172; [0, -0.3, 0]; [1, 0, 0, 1]; 4
173; [0, -0.3, 0]; [1, 0, 0, 1]; 4
174; [0, -0.3, 0]; [1, 0, 0, 1]; 4
175; [0, -0.3, 0]; [1, 0, 0, 1]; 4
176; [0, -0.3, 0]; [1, 0, 0, 1]; 4
177; [0, -0.3, 0]; [1, 0, 0, 1]; 4
178; [0, -0.3, 0]; [1, 0, 0, 1]; 4
179; [0, -0.3, 0]; [1, 0, 0, 1]; 4
180; [0, -0.3, 0]; [1, 0, 0, 1]; 4
181; [0, -0.3, 0]; [1, 0, 0, 1]; 4
182; [0, -0.3, 0]; [1, 0, 0, 1]; 4
183; [0, -0.3, 0]; [1, 0, 0, 1]; 4
184; [0, -0.3, 0]; [1, 0, 0, 1]; 4
185; [0, -0.3, 0]; [1, 0, 0, 1]; 4
186; [0, -0.3, 0]; [1, 0, 0, 1]; 4
187; [0, -0.3, 0]; [1, 0, 0, 1]; 4
188; [0, -0.3, 0]; [1, 0, 0, 1]; 4
189; [0, -0.3, 0]; [1, 0, 0, 1]; 4
190; [0, -0.3, 0]; [1, 0, 0, 1]; 4
191; [0, -0.3, 0]; [1, 0, 0, 1]; 4
192; [0, -0.3, 0]; [1, 0, 0, 1]; 4
193; [0, -0.3, 0]; [1, 0, 0, 1]; 4
194; [0, -0.3, 0]; [1, 0, 0, 1]; 4
195; [0, -0.3, 0]; [1, 0, 0, 1]; 4
196; [0, -0.3, 0]; [1, 0, 0, 1]; 4
197; [0, -0.3, 0]; [1, 0, 0, 1]; 4
198; [0, -0.3, 0]; [1, 0, 0, 1]; 4
199; [0, -0.3, 0]; [1, 0, 0, 1]; 4
Age: 200, Weights: [0, -0.3, 0]
